216.024
216.042
216.048
216.012
216.015
216.025
215.993
216.004
216.003
216.026
216.021
216.04
216.039
215.992
215.973
216.011
215.991
215.993
216.013
215.992
215.979
215.992
216.036
216.012
215.972
215.975
216.007
216.019
216.011
216.041
216.019
216.015
216.014
216.029
216.001
216.015
216.011
215.988
216.027
216.023
216.007
216.014
216.02
216.016
215.958
216.007
216.057
215.993
216.039
216.005
216.01
216.035
215.985
216.029
216.034
216.045
216.017
216.025
216.006
216.009
216.008
215.991
216.006
215.951
215.972
215.976
216.001
216.02
215.996
215.978
216.005
216.035
215.983
216.016
216.013
216.025
215.987
216.032
215.975
215.99
216.036
215.987
215.977
216.007
215.99
216.024
215.956
215.953
216.026
216.019
215.981
216.023
216.014
216.022
216.015
216.001
215.998
216.002
215.973
216.021
216.003
215.992
216.026
216.012
216.041
215.981
215.98
216.02
216.025
216.01
216.018
216.028
216.053
216.001
216.037
216.025
216.024
216.036
215.98
216.02
215.969
215.948
215.996
215.998
215.987
215.995
215.991
216.029
216.019
215.993
216.025
216.013
216.054
215.981
215.967
215.976
215.953
215.958
216
216.009
216.025
216.016
216.004
215.976
216.03
216.049
216.009
215.989
216.031
216.004
216.045
216.037
215.979
216.015
216.021
216.042
215.989
216.026
215.966
215.993
216.013
216.036
215.951
216.028
215.992
216.017
216.025
216.041
216.02
216.012
216.024
216.063
216.028
215.982
215.978
216.006
215.974
216.017
216.009
216.018
215.985
215.994
216.04
216.027
215.987
215.99
216.001
216.063
216.04
216.019
216.013
216.063
215.993
216.007
216.005
216
216.021
216.016
216.016
216.029
216.023
216.014
215.99
216.013
216.007
216.011
215.975
215.991
216.038
216.018
215.968
215.98
215.991
216.044
216.019
216.056
215.984
216.001
216.013
215.992
216.039
216.034
216.035
216.032
216.012
215.987
216.011
216.018
216.034
215.985
216.034
216.041
216.029
216.025
216.045
216.027
216.028
216.04
216.019
215.991
216.017
216.003
216.046
216.028
216.018
216
215.984
216.01
216.011
215.996
216.038
216.016
215.992
216.005
216.04
216.016
216.009
215.999
216.014
215.978
216.009
216.052
216.038
216.019
216.007
216.007
216.018
216.014
215.983
215.993
216.005
216.03
216.052
216.022
216.002
216.028
215.987
215.972
216.005
216.035
216.046
216.03
216.047
215.995
216.004
215.989
216.008
215.992
216.002
215.991
215.994
216.013
215.978
215.987
215.991
216.032
215.987
216.044
215.963
215.962
216.051
216.015
216.007
216.01
216.005
216
216.028
216.007
215.978
216.069
216.012
215.987
216.008
216.008
216.006
216.032
216.018
216.015
216.006
216.015
216.022
216.01
216.029
216.027
216.025
216.031
216.005
215.979
216.018
215.924
215.991
215.983
216.03
215.955
216.026
216.022
216.048
216.038
216.048
216.04
215.982
216.013
215.997
215.993
215.998
216.049
215.995
216.022
215.981
216.046
216.01
216.014
216.011
216.005
216.018
216.024
216.012
216.003
216.015
215.993
215.98
216.039
215.993
216.026
216.023
216.02
216.059
215.976
216.044
216.002
216.055
216.042
216.018
216.021
215.977
216.04
215.999
215.999
216.005
215.985
215.987
216.037
216.006
216.015
216.022
216.007
215.999
216.059
216
216.012
216.042
216.03
216.041
216.008
216.035
216.035
216.036
216.024
216.027
215.997
216.052
215.98
216.001
215.999
215.988
216.028
216.002
216.004
216.03
216.012
215.986
216.048
216.013
216.039
216.011
216.042
216.025
216.012
216.034
216.022
216.049
216.041
216.045
216.008
215.998
216.025
216.059
216.018
216.017
215.996
216.039
216.014
216.016
215.992
216.022
216.004
215.978
216.043
216.06
216.016
215.99
216.017
215.993
216.026
216.035
215.993
215.996
216.025
215.987
216.001
216.024
216.039
216.033
215.993
215.952
215.988
216.022
215.987
216.01
216.045
216.016
216.014
216.007
216.004
216.01
215.995
216.01
216.028
216.03
215.994
216.018
215.981
216.019
216.038
215.974
216.012
216.008
215.971
216.046
216.047
216.043
216.039
216.016
216.028
216.003
216
216.028
215.973
215.971
216.006
216.029
216.003
216.039
215.948
216.007
216.013
216.022
216.033
216.023
216.022
216.012
216.039
216.02
216.003
216.025
215.97
216.039
216.046
216.019
216.037
216.037
216.008
216.026
216.012
216.01
215.984
215.986
215.982
216.052
216.042
216.007
215.989
215.989
216.016
216.008
216.039
216.02
215.984
215.988
216.014
215.971
216.013
215.985
216
215.99
216.007
216
215.99
216.005
216.04
216.004
216.026
215.995
216.058
216.057
216.019
215.999
216.003
215.989
215.969
216.007
216.052
216.009
216.036
216.033
215.98
215.987
215.992
215.976
215.975
216.005
215.996
215.975
215.972
215.98
216.006
216.013
215.999
216.041
216.041
216.021
216.036
216.026
216.015
216.013
216.045
216.008
216.021
216.012
216.04
216.058
215.968
216.017
216.049
215.988
215.99
216.024
216.009
216.004
216.039
216.015
216.034
216.015
216.021
