0.413875 5.23366 1.58422
1.27855 5.45083 0.958591
0.494 4.4672 1.79701
5.40266 0.947768 3.85197
5.68466 2.80596 5.13137
4.70738 0.679261 4.45641
5.9504 0.669048 0.460215
1.07802 0.252758 1.45399
1.52246 5.7485 1.0491
5.424 0.986553 2.67532
1.52222 5.99959 4.32829
5.94988 0.420158 4.35285
5.72347 2.40623 5.96401
0.148924 3.22249 1.54569
5.52241 2.6622 0.458142
1.02397 2.71342 1.5914
0.404231 1.01708 5.38298
4.75837 2.94814 5.47389
5.78751 3.54242 1.5688
5.50177 2.34587 1.89727
0.704008 2.14383 2.67413
4.89545 2.51182 3.5218
4.45486 3.42104 3.60153
5.13882 2.35659 5.6441
0.305377 3.5527 5.02509
0.165697 2.81424 1.51617
4.25122 3.56052 2.29762
1.326 3.39152 2.46286
0.695072 2.09698 3.79544
0.0882335 3.0743 4.09461
0.676689 3.96478 4.31843
1.1666 4.9034 1.13491
0.12378 5.40884 2.58578
5.35298 4.55029 2.64138
0.461771 3.14925 3.99202
0.0896864 3.89529 3.68416
5.15034 5.90628 0.707831
1.92492 0.449472 1.93157
0.172443 0.334918 2.11165
5.58634 0.158728 2.72546
0.957803 5.76305 0.199995
5.8225 4.95581 5.57121
2.49897 1.97396 3.03417
2.45321 0.440985 1.08689
1.78221 5.7405 3.2085
1.13361 1.35431 3.59134
2.34781 0.86624 5.47558
2.26805 1.84473 5.03363
2.2593 1.8319 0.323735
1.245 3.08431 0.0884313
1.47239 1.94487 2.09776
0.869643 2.0757 2.08431
0.930258 2.38356 4.44082
0.553135 2.95063 4.28556
1.7811 3.38808 5.76179
0.0592498 2.39767 5.30597
5.91604 3.79493 1.96477
0.790277 1.51079 5.84282
0.528272 1.01541 2.70007
2.4672 3.47369 3.51674
2.19974 5.07739 5.34276
0.265035 3.21801 2.65864
5.8665 4.60045 2.01924
1.82159 4.6255 4.70043
0.948697 4.25783 4.20448
5.19322 5.13169 3.70667
2.63024 0.0517399 4.97095
1.01632 4.7344 0.593265
1.16501 1.01881 1.22224
1.46235 4.45087 3.97189
0.486708 4.53026 4.33655
1.60275 5.26137 0.111614
2.30806 5.6128 3.70021
2.32891 0.00577405 1.12055
1.84906 0.0327514 2.92699
3.09173 4.9964 3.79522
5.076 4.88818 4.76002
0.936352 1.16649 5.01752
1.71383 2.97167 5.70997
0.403217 1.9736 0.542712
3.8031 1.77097 3.23276
2.70011 5.93761 3.35287
2.2222 1.5039 3.64396
0.927512 0.0906249 4.16133
2.90012 1.75391 5.02902
2.44493 1.18197 1.58392
1.70667 3.24928 2.30815
1.85925 1.56769 3.31457
2.7077 1.61264 5.29386
3.20883 2.04976 5.33941
0.260187 2.33466 0.484058
0.377346 1.9778 2.03204
1.39667 3.75157 1.77821
1.57477 1.12961 3.02672
2.51397 4.06443 2.8495
2.61361 2.31134 4.25551
1.60198 3.01751 4.31564
1.14208 3.2138 1.33549
2.83031 4.44621 2.76314
2.76892 4.10618 2.50692
3.5643 3.5944 3.54059
1.89762 4.94831 5.00396
2.77956 0.12994 4.17895
3.54856 3.43708 5.76238
3.48618 3.62424 4.49995
2.08237 5.28365 1.5611
1.44956 4.55554 4.95845
1.5466 4.5747 5.32117
2.57309 4.77385 5.65152
1.50618 4.6368 1.21993
4.74562 5.76347 5.94605
2.55993 3.9954 4.159
5.02625 4.6011 4.91951
4.37317 1.64748 1.47176
2.38378 0.207493 0.243551
3.87595 5.60811 0.0637764
2.30107 1.19984 3.55585
1.50305 2.86893 2.87067
5.14506 1.63828 2.743
2.99147 1.261 3.10602
4.20966 1.4297 0.722865
4.65045 1.99235 1.05961
1.82838 3.16391 0.947381
4.22293 2.53248 1.9713
4.16995 5.23196 3.74389
1.41073 1.63772 4.28134
4.83451 2.4221 4.63777
2.90822 3.19392 0.651392
4.63276 1.55432 0.0892741
0.828489 2.69454 2.95552
1.4532 0.395725 3.18005
2.88677 2.0492 3.80925
3.51316 5.54329 5.16188
3.53884 3.87602 0.397737
4.49333 4.80975 2.10776
3.26977 3.77922 2.53035
2.5232 4.90515 1.39937
1.15478 4.35086 5.06299
3.76687 4.88814 0.524206
5.07504 0.274381 5.67272
3.51794 5.32128 2.47026
3.1903 5.41995 2.42136
4.00552 2.53489 5.23303
1.87979 4.31759 5.26424
2.76715 0.54298 4.50276
4.2758 4.51079 1.14914
3.78126 1.72589 2.30194
2.7077 0.639199 3.72441
2.12852 3.42764 2.30798
4.51976 0.170394 5.56698
4.20971 4.02632 0.0168273
3.57273 5.89205 1.81362
0.0937166 3.15738 5.83295
4.15628 1.82834 1.88907
4.27733 0.0463441 2.20988
4.6459 3.51681 4.85105
2.47307 0.300273 0.605233
4.31023 3.24024 1.5442
3.53089 1.80474 1.20593
0.798357 3.65732 2.87336
3.33484 2.14367 2.63768
4.31475 2.50054 4.98392
4.17431 5.45891 2.96931
3.79341 3.38461 2.39008
3.78183 3.02804 1.18176
2.26573 0.114962 3.41982
3.24432 1.68768 2.23549
1.70159 2.30995 4.59845
2.26221 4.17967 5.686
5.92429 3.80295 0.980207
3.49731 4.41955 3.40161
2.78588 5.36571 3.1937
3.7902 3.2022 4.17088
0.439154 5.36546 1.89365
5.36034 5.76958 0.0164906
1.98891 3.66055 5.44756
4.45122 4.45149 5.69738
0.113086 0.719373 2.18306
4.56583 4.09097 0.419307
2.81096 2.87299 5.06562
5.99778 5.31046 5.38697
5.50338 5.32997 0.526426
5.12215 3.40186 4.48889
4.97694 5.08249 3.46001
4.72239 0.780648 3.91015
4.01456 1.37963 5.23012
3.85938 5.98694 1.53351
0.393483 2.89094 2.27739
5.66587 5.23043 1.59249
3.93248 5.37767 3.55357
5.06571 2.88687 3.55972
4.68907 2.04069 3.08178
1.4478 3.20045 0.254348
3.35177 1.40808 1.86935
4.69483 3.9521 1.87785
5.36494 3.20529 4.41566
0.984397 4.96344 5.32021
0.764185 3.34066 4.90854
5.10955 2.06078 5.12558
4.05379 3.24802 1.49629
3.29364 3.25518 1.50242
4.91716 2.98031 4.61875
2.70873 2.88871 4.03055
4.26291 3.23828 2.9781
4.96116 1.74303 4.32747
5.05684 3.91611 5.42794
3.7415 5.24545 1.15213
3.09843 3.56064 3.57582
4.58961 2.93988 3.82831
4.10494 4.15365 2.36927
3.65547 3.22361 3.86819
5.78935 4.53822 0.118334
2.20539 3.42515 5.59069
5.98481 0.0436092 3.74926
4.12117 2.56262 0.755436
5.11005 0.507296 4.69107