-2.05962
-6.15071
-11.7027
-22.8344
-24.6077
-25.3838
-23.0467
-18.5446
-22.0972
-23.2639
-19.1951
-23.3779
-19.2516
-19.272
-24.5041
-24.6902
-26.4601
-23.696
-22.8952
-21.6814
-22.5024
-21.4171
-11.6818
-23.5371
-23.0745
-26.2593
-17.7423
-19.2702
-28.4274
-23.2586
-24.0499
-15.8035
-21.3553
-23.8199
-21.5725
-18.3577
-26.4683
-21.4845
-24.2078
-21.3291
-21.3084
-19.5137
-18.5586
-24.3999
-21.3608
-22.1918
-14.6844
-19.6021
-20.6674
-20.004
-21.4219
-21.2352
-23.3221
-25.9694
-31.9612
-11.9724
-20.5751
-21.1156
-18.9542
-19.2428
-17.7018
-21.6174
-22.7147
-20.388
-25.7852
-24.7056
-16.9188
-17.9514
-23.4795
-19.6758
-23.9772
-19.1017
-28.7391
-20.97
-19.7237
-22.3205
-21.4471
-22.3014
-17.7088
-21.1683
-18.0645
-18.2566
-22.2583
-20.679
-21.2973
-25.6437
-20.8505
-27.2797
-29.0864
-29.8484
-26.0549
-24.795
-15.1936
-26.1097
-22.3919
-17.1537
-21.6172
-20.7862
-17.8873
-27.6855
-26.9745
-23.0133
-24.3208
-16.1628
-22.0784
-17.7735
-20.3574
-21.4086
-23.3353
-20.3781
-17.1703
-18.6808
-21.5173
-22.5931
-20.6902
-29.1761
-23.0076
-28.2892
-24.8439
-20.7721
-23.2419
-26.8079
-25.6926
-23.5679
-23.4734
-25.3965
-18.0511
-20.2116
-22.9408
-21.446
-29.2416
-21.6495
-19.8196
-22.5714
-13.1914
-19.301
-22.6495
-27.9974
-24.5552
-25.8799
-19.6289
-20.0977
-21.7435
-24.1504
-20.1693
-17.0937
-16.1299
-19.7834
-20.2247
-20.633
-23.7592
-23.5931
-21.0233
-24.3907
-26.4614
-26.5614
-15.7352
-20.3475
-19.5775
-21.8404
-20.7328
-24.9684
-23.2812
-25.0136
-23.1122
-16.509
-23.1236
-19.6593
-23.7132
-22.2901
-23.3551
-23.703
-24.7801
-20.621
-25.7121
-22.6221
-19.4887
-20.716
-21.5358
-25.4274
-25.1476
-20.1025
-24.6646
-25.3543
-28.0445
-23.0648
-19.355
-14.8354
-27.8276
-27.247
-27.8645
-22.2559
-19.0086
-21.3418
-21.9875
-23.826
-29.7422
-24.7438
-20.897
-24.6629
-24.838
-24.8984
-21.9485
-23.1188
-23.9816
-25.0577
-24.3095
-21.8175
-22.7962
-20.8134
-25.5556
-19.6283
-20.2239
-23.7765
-24.0708
-25.4098
-27.2683
-25.5789
-21.1313
-19.6311
-21.9202
-16.2739
-25.6183
-21.1146
-27.4419
-19.5217
-22.8458
-23.4389
-24.9394
-23.8474
-26.8232
-15.8687
-22.475
-18.3809
-15.9061
-20.6607
-20.3799
-28.314
-24.6113
-25.3463
-23.6009
-21.9999
-19.0097
-21.9489
-24.6367
-26.5524
-19.3503
-24.8358
-23.3975
-22.3458
-24.9669
-22.7516
-26.9982
-22.2942
-25.3478
-20.2882
-29.8537
-28.9732
-21.1905
-20.04
-21.6136
-22.1802
-27.5587
-26.2466
-17.8832
-22.1031
-26.1626
-28.6671
-25.0129
-21.5541
-18.8811
-20.75
-24.5564
-25.5169
-24.8653
-27.2472
-26.8248
-29.2937
-23.4925
-21.0998
-20.8767
-19.2826
-22.033
-24.9598
-19.2013
-17.8954
-19.3141
-14.0792
-21.1564
-27.4175
-21.1346
-16.1551
-20.5769
-19.5865
-21.8364
-17.378
-21.4137
-21.0497
-23.5366
-27.211
-22.0288
-20.5947
-21.5434
-22.1323
-19.5615
-26.5308
-23.1392
-19.4813
-25.6121
-23.0819
-22.8353
-22.8
-19.1264
-21.7535
-20.4301
-24.2689
-22.9272
-20.783
-24.471
-23.2762
-24.6372
-23.0265
-20.6076
-20.0201
-25.909
-19.0369
-19.5246
-22.9871
-20.5508
-21.5352
-25.648
-21.6439
-17.821
-21.37
-19.6398
-18.8318
-20.1079
-24.1183
-19.3709
-24.2779
-21.3477
-22.5322
-21.4488
-23.9382
-27.1139
-23.9128
-21.239
-23.2658
-22.0955
-18.5969
-19.3201
-24.8569
-23.0261
-20.4259
-20.8869
-9.50418
-19.1475
-23.3671
-23.568
-11.5041
-18.2952
-23.4214
-20.5324
-22.498
-24.2522
-26.9939
-18.4752
-25.8466
-26.4288
-19.1213
-24.1426
-23.7463
-23.85
-25.7518
-19.285
-22.5118
-17.7753
-20.9396
-23.1727
-23.4122
-15.6744
-21.5801
-22.2648
-26.9827
-22.8424
-24.2006
-23.2334
-18.1913
-20.6303
-22.2781
-20.8362
-21.5543
-27.6295
-28.5785
-18.6777
-24.7268
-22.4499
-20.6709
-18.2978
-12.6841
-20.7308
-25.0396
-20.7008
-18.4945
-22.3524
-20.8116
-20.9027
-18.8286
-17.7973
-18.6535
-19.6164
-23.2518
-22.9485
-24.8217
-23.4939
-26.7804
-26.0489
-26.9358
-29.4649
-24.903
-27.188
-19.9578
-18.8548
-20.5861
-20.8347
-23.1753
-21.5755
-23.3181
-19.5561
-17.9636
-21.6392
-22.5489
-19.0011
-22.7411
-21.8891
-17.5554
-20.8799
-20.8705
-8.59361
-21.2996
-22.279
-18.621
-20.8289
-20.2672
-22.6742
-20.0631
-19.5254
-16.1992
-13.9017
-22.2947
-18.7133
-29.5379
-26.3514
-22.4818
-27.9376
-21.984
-27.9069
-22.9068
-17.1561
-21.8992
-20.4109
-23.3117
-20.285
-20.4212
-21.1325
-25.1236
-29.1606
-27.6559
-20.8188
-19.9907
-25.039
-14.602
-20.1239
-20.3377
-18.9155
-22.2495
-26.8388
-27.0441
-18.8319
-18.862
-23.8601
-25.8488
-27.1597
-20.0002
-22.2235
-26.3504
-22.0657
-29.3425
-23.8034
-26.8324
-24.4104
-20.5036
-21.2751
-22.4429
-23.7964
-20.6616
-24.3045
-20.596
-19.6524
-14.8558
-23.8938
-17.6317
-24.5467
-27.2217
-22.3846
-19.3107
-25.2026
-21.3902
-25.1691
-28.3484
-22.2753
-22.7647
-24.0737
-17.9262
-23.0552
-22.0225
-20.8003
-19.6777
-19.4626
-19.3375
-21.0163
-24.0745
-18.6202
-24.9416
-26.895
-19.1882
-21.5061
-20.3258
-19.6631
-15.0285
-17.5714
-19.9087
-25.4184
-26.8096
-23.2988
-22.1316
-16.5304
-23.4341
-22.2363
-20.2411
-19.1254
-22.7664
-21.3623
-17.0579
-22.442
-22.3871
-24.3185
-29.2183
-23.2092
-26.6674
-25.0871
-21.7576
-19.5179
-21.6882
-27.2001
-27.0963
-30.9883
-27.1414
-24.8424
-20.4471
-18.705
-20.3961
-21.6062
-19.2887
-20.4674
-20.9332
-25.1511
-24.9558
-23.2553
-26.7698
-26.6776
-23.1027
-26.753
-26.8751
-24.6728
-29.3547
-26.0739
-22.8213
-22.3058
-21.8589
-23.4778
-26.3355
-20.5761
-21.9833
-22.3325
-25.1815
-26.6576
-22.1513
-21.8544
-16.0222
-24.996
-28.3703
-28.1322
-24.9014
