0.02 0 0 0 0 
0.04 0 0 0 0 
0.06 0 0 0 0 
0.08 0 0 0 0 
0.1 0 0 0 0 
0.12 0 0 0 0 
0.14 0 0 0 0 
0.16 0 0 0 0 
0.18 0 0 0 0 
0.2 0 0 0 0 
0.22 0 0 0 0 
0.24 0 0 0 0 
0.26 0 0.00589149 0.011783 0.0153179 
0.28 0.0909249 0.106079 0.098502 0.105069 
0.3 0.253978 0.258357 0.225515 0.233835 
0.32 0.452214 0.440717 0.452214 0.48134 
0.34 0.629055 0.656111 0.698386 0.717664 
0.36 0.992193 0.983173 0.96814 0.949498 
0.38 1.11385 1.017 1.08426 1.0934 
0.4 1.12365 1.10185 1.08732 1.09749 
0.42 0.902776 1.05397 1.07807 1.08158 
0.44 1.06381 1.0658 1.06181 1.06181 
0.46 1.01138 1.04594 1.04958 1.01211 
0.48 0.863783 0.952163 0.97801 0.994518 
0.5 1.08622 1.03252 1.01488 0.996621 
0.52 0.999874 1.04661 1.02466 0.974948 
0.54 1.00977 0.990102 0.97371 0.956006 
0.56 0.998567 0.96934 0.955336 0.97616 
0.58 0.861699 0.917256 0.929161 0.967598 
0.6 1.04556 0.993702 0.968833 0.955394 
0.62 0.940506 0.926646 0.941991 0.93813 
0.64 0.852043 0.928151 0.957852 0.964535 
0.66 0.938183 0.953006 0.938619 0.948646 
0.68 0.963435 0.924045 0.932251 0.949649 
0.7 1.01827 0.957144 0.952502 0.954668 
0.72 0.922254 0.9186 0.920792 0.952947 
0.74 0.936014 0.91804 0.923225 0.933248 
0.76 0.924747 0.918852 0.930314 0.9292 
0.78 0.946925 0.956866 0.927353 0.946801 
0.8 0.956256 0.957436 0.95478 0.938311 
0.82 1.00507 0.977559 0.978682 0.962511 
0.84 0.945456 0.944922 0.956151 0.953692 
0.86 0.957578 0.950949 0.941261 0.952683 
0.88 1.0007 0.967112 0.957377 0.940731 
0.9 0.935763 0.951111 0.957623 0.955111 
0.92 0.940462 0.943576 0.933344 0.942864 
0.94 0.99586 0.954117 0.960081 0.967066 
0.96 0.95927 0.965393 0.959474 0.955841 
0.98 0.943614 0.93735 0.949683 0.957553 
1 0.996838 0.974661 0.960754 0.951582 
1.02 0.977254 0.946917 0.944209 0.945112 
1.04 0.904946 0.948353 0.94245 0.960715 
1.06 0.961022 0.958015 0.972885 0.963562 
1.08 0.945383 0.942166 0.937822 0.954586 
1.1 1.03008 1.01054 0.988219 0.967382 
1.12 0.963395 0.957415 0.954873 0.966504 
1.14 0.980373 0.982682 0.979941 0.963928 
1.16 0.977213 0.980556 0.961056 0.970695 
1.18 0.975847 0.960238 0.951357 0.956955 
1.2 0.960492 0.944623 0.942542 0.950294 
1.22 0.969767 0.972283 0.959828 0.965137 
1.24 0.983293 0.958942 0.96503 0.965663 
1.26 0.950665 0.934161 0.944417 0.965519 
1.28 0.946085 0.960475 0.960703 0.959698 
1.3 0.978079 0.968338 0.966456 0.971039 
1.32 0.984079 0.983864 0.976351 0.964887 
1.34 0.983863 0.963661 0.966577 0.967993 
1.36 0.982016 0.991516 0.965339 0.959537 
1.38 0.936673 0.944328 0.946389 0.961876 
1.4 0.992285 0.981607 0.978461 0.978518 
1.42 0.959888 0.960629 0.954792 0.955367 
1.44 0.944036 0.964754 0.965385 0.968213 
1.46 1.00438 0.98616 0.955409 0.964678 
1.48 0.960191 0.972978 0.963601 0.965306 
1.5 0.977401 0.961802 0.963047 0.964855 
1.52 0.97204 0.965577 0.961537 0.972686 
1.54 0.991804 0.999987 0.976931 0.976695 
1.56 1.0136 0.982935 0.981095 0.972661 
1.58 0.997809 0.992279 0.972326 0.962955 
1.6 0.97986 0.989478 0.970315 0.972982 
1.62 0.991768 0.991484 0.97322 0.972979 
1.64 0.962865 0.961756 0.965638 0.967385 
1.66 0.987839 0.977148 0.974577 0.974198 
1.68 0.976473 0.977001 0.979511 0.978217 
1.7 0.977232 0.974524 0.976974 0.973389 
1.72 0.984493 0.971768 0.965909 0.968391 
1.74 0.980326 0.974418 0.970602 0.971586 
1.76 0.980903 0.976332 0.974347 0.969788 
1.78 0.977677 0.985085 0.968681 0.978547 
1.8 0.980097 0.982397 0.973199 0.97766 
1.82 0.962156 0.972052 0.965361 0.967509 
1.84 0.981504 0.979304 0.981614 0.977786 
1.86 0.967071 0.977943 0.965833 0.972432 
1.88 0.959349 0.970306 0.965881 0.967777 
1.9 0.971538 0.990721 0.979221 0.976344 
1.92 0.978766 0.977454 0.980635 0.97707 
1.94 0.968675 0.97995 0.973669 0.976192 
1.96 0.957433 0.97119 0.972062 0.974136 
1.98 0.960305 0.979385 0.97369 0.971753 
2 0.975521 0.9838 0.980637 0.976004 
