0 0 0
0 0 0
0 0 0
0 0 0
0 0 0
0 0 0
0 0 0
0 0 0
0 0 0
0 0 0
0 0 0
0 0 0
0.0612714 0 0
0.420275 0 0
0.767189 0 0.0840755
0.953483 0.00306586 0.484406
0.963198 0.135281 0.886088
1.00783 0.666273 1.06195
0.985786 1.09125 1.14829
0.912479 1.30188 1.08781
0.95887 1.24811 1.05967
0.946668 1.23194 1.03432
0.91097 1.14526 0.996101
0.909807 1.08457 0.99185
0.93157 1.03344 1.01074
0.922263 1.02537 0.976081
0.916927 0.974628 0.966235
0.906016 1.04241 0.978108
0.9261 0.966917 0.988686
0.928726 0.949044 0.971902
0.887837 0.937734 0.963474
0.916271 0.97493 0.983469
0.932603 0.921442 0.97027
0.914525 0.919121 0.982474
0.947086 0.943991 0.963799
0.919038 0.969901 0.961424
0.920252 0.893153 0.959794
0.903265 0.913744 0.949896
0.947919 0.915112 0.962086
0.968534 0.915172 0.934769
0.967115 0.931629 0.97565
0.948023 0.982676 0.942034
0.970427 0.9484 0.945952
0.955138 0.901794 0.952997
0.94767 0.945809 0.963483
0.947402 0.912524 0.955765
0.988534 0.944576 0.967577
0.985558 0.922532 0.957637
0.956614 0.94659 0.963505
0.934893 0.932788 0.969324
0.949084 0.923949 0.953707
0.957868 0.946756 0.969119
0.974389 0.932686 0.973587
0.941908 0.95967 0.958383
0.961987 0.943134 0.982204
0.965428 0.944378 0.978106
0.974719 0.932942 0.974026
0.944677 0.945791 0.996156
0.949904 0.926005 0.975955
0.945924 0.943426 0.955914
0.961614 0.930815 0.98406
0.991962 0.942091 0.964299
0.978204 0.948779 0.967547
0.950562 0.960977 0.963627
0.968072 0.957269 0.979407
0.972229 0.946468 0.970426
0.949041 0.982197 0.970368
0.96738 0.946357 0.962206
0.96274 0.936673 0.974046
0.979319 0.969862 0.982446
0.962853 0.945508 0.956553
0.960466 0.960466 0.97596
0.972563 0.94691 0.969619
0.952962 0.953917 0.977172
0.957156 0.970829 0.965718
0.954719 0.9754 0.980312
0.956614 0.984061 0.983053
0.972815 0.961897 0.977967
0.967917 0.954286 0.964808
0.960624 0.963889 0.983707
0.966696 0.970221 0.977498
0.962089 0.950663 0.978395
0.971817 0.958934 0.983021
0.965377 0.968019 0.989736
0.978574 0.973621 0.97068
0.956523 0.957632 0.979705
0.975304 0.962207 0.974418
0.957277 0.958336 0.98177
0.969257 0.98525 0.97984
0.9663 0.969059 0.98764
0.962786 0.963056 0.972097
0.981196 0.974243 0.977852
0.973271 0.955704 0.980376
0.970179 0.958043 0.971444
0.965515 0.992247 0.973807
0.969476 0.963578 0.987613
0.975835 0.977814 0.975559
0.957471 0.973593 0.982739
0.972152 0.971013 0.971924
0.980991 0.95911 0.981958
