0.01 0 0 0 0 
0.02 0 0 0 0 
0.03 0 0 0 0 
0.04 0 0 0 0 
0.05 0 0 0 0 
0.06 0 0 0 0 
0.07 0 0 0 0 
0.08 0 0 0 0 
0.09 0 0 0 0 
0.1 0 0 0 0 
0.11 0 0 0 0 
0.12 0 0 0 0 
0.13 0 0 0 0 
0.14 0 0 0 0 
0.15 0 0 0 0 
0.16 0 0 0 0 
0.17 0 0 0 0 
0.18 0 0 0 0 
0.19 0 0 0 0 
0.2 0 0 0 0 
0.21 0 0 0 0 
0.22 0 0 0 0 
0.23 0 0 0 0 
0.24 0 0 0 0.00533611 
0.25 0 0 0.0122737 0.0245473 
0.26 0.18128 0.1133 0.12463 0.0951721 
0.27 0.146876 0.146876 0.125894 0.136385 
0.28 0.214326 0.224069 0.219198 0.22212 
0.29 0.34468 0.326539 0.299327 0.286628 
0.3 0.507963 0.465633 0.474099 0.463939 
0.31 0.538563 0.538563 0.518763 0.540147 
0.32 0.71282 0.638568 0.69797 0.733611 
0.33 0.641731 0.704509 0.753337 0.771473 
0.34 0.87973 0.853469 0.899425 0.932251 
0.35 1.0028 1.13279 1.10184 1.0746 
0.36 1.14587 1.12249 1.12541 1.12249 
0.37 0.951222 1.1116 1.11713 1.15695 
0.38 0.953563 1.0112 1.08193 1.11494 
0.39 1.08362 1.18801 1.16067 1.18403 
0.4 1.02001 0.972784 1.09084 1.09934 
0.41 1.13197 1.10053 1.11849 1.1706 
0.42 1.09519 1.08235 1.10375 1.10973 
0.43 1.08505 1.12176 1.14012 1.11116 
0.44 1.03574 1.01627 1.06689 1.03185 
0.45 1.01948 1.06041 1.10134 1.07455 
0.46 1.0677 0.996516 1.06058 1.06129 
0.47 0.947302 0.913227 0.959229 1.00728 
0.48 1.0254 1.06459 1.04499 1.03128 
0.49 0.977287 1.08065 1.0415 1.02427 
0.5 0.962257 1.0224 1.08254 1.04706 
0.51 0.895635 0.950529 0.988088 0.97942 
0.52 1.10566 1.1001 1.04038 1.02899 
0.53 1.01048 1.00513 0.983745 0.958617 
0.54 0.952463 1.00137 0.996224 0.998799 
0.55 1.0121 1.00961 0.99101 1.00813 
0.56 0.975953 0.908976 0.92572 0.968777 
0.57 0.974026 0.960177 0.990183 1.00726 
0.58 1.03404 1.06301 1.01287 1.0015 
0.59 0.921484 0.996839 0.978539 0.977462 
0.6 1.02397 0.996914 0.940721 0.962782 
0.61 0.966244 0.986374 0.975303 0.97792 
0.62 0.94287 0.894168 0.951637 0.978715 
0.63 0.901623 0.903509 0.94595 0.988013 
0.64 0.902686 0.970297 0.960246 0.999899 
0.65 0.984721 0.945757 0.973209 0.958509 
0.66 1.01328 0.990949 0.967764 0.983392 
0.67 0.923049 0.968035 0.93971 0.959038 
0.68 0.95412 1.00587 0.963014 0.971908 
0.69 0.904482 0.970434 0.988492 0.99022 
0.7 0.912201 0.947285 0.949574 0.969557 
0.71 0.984349 0.950252 0.922086 0.987017 
0.72 1.00601 0.985833 0.977185 0.969402 
0.73 0.947611 0.971442 0.924482 0.957143 
0.74 0.851078 0.900179 0.94587 0.948734 
0.75 0.966448 0.963793 0.941225 0.944146 
0.76 0.946188 0.941017 0.941663 0.952909 
0.77 0.992118 0.998414 0.983305 0.986579 
0.78 0.927425 0.972815 0.963614 0.943863 
0.79 1.00678 0.976885 0.971504 0.983102 
0.8 0.969951 1.02125 0.989187 0.985106 
0.81 0.884603 0.940318 0.946571 0.985344 
0.82 0.978395 0.957319 0.948999 0.97773 
0.83 0.974307 0.986215 1.00245 0.987514 
0.84 0.957451 0.969075 0.956922 0.96823 
0.85 0.972073 0.972073 0.961238 0.977645 
0.86 0.969626 1.00591 0.994824 0.973456 
0.87 0.907946 0.957184 0.965555 0.949306 
0.88 0.896936 0.90656 0.942168 0.966035 
0.89 0.997197 0.993434 0.991553 0.972738 
0.9 0.982397 0.993435 0.988836 0.970439 
0.91 0.894234 0.914926 0.926621 0.950191 
0.92 0.92936 0.972483 0.961922 0.983044 
0.93 0.993767 0.99635 0.98085 0.985328 
0.94 0.92374 0.935539 0.935961 0.970095 
0.95 0.922445 0.964524 0.984739 0.977561 
0.96 0.877375 0.939584 0.941199 0.960589 
0.97 1.00013 0.970059 0.982324 0.987625 
0.98 1.03242 1.02157 1.01576 0.990413 
0.99 0.929548 0.978911 0.949293 0.954153 
1 0.942216 0.957845 0.937006 0.94936 
1.01 0.922099 0.967329 0.970247 0.967767 
1.02 0.976971 0.944071 0.953726 0.979402 
1.03 0.959404 0.943975 0.970975 0.976656 
1.04 0.939578 0.975346 0.969499 0.966679 
1.05 0.941924 0.949346 0.984095 0.987401 
1.06 0.975788 0.969168 0.971816 0.976715 
1.07 0.897784 0.92247 0.924744 0.958849 
1.08 1.05459 1.04183 1.03769 0.997584 
1.09 1.02773 1.04212 1.01521 0.985665 
1.1 0.956191 0.968482 0.966023 0.989621 
1.11 0.995687 0.986032 0.984221 0.982411 
1.12 0.966054 0.980278 0.993317 0.987746 
1.13 0.971079 0.996695 0.981849 0.975271 
1.14 0.940316 0.957475 0.979495 0.976235 
1.15 0.993653 1.00995 0.990281 0.996688 
1.16 0.976522 0.969342 0.96299 0.956086 
1.17 0.989146 1.01032 0.974759 0.988386 
1.18 1.03536 0.98092 0.969179 0.963201 
1.19 1.02425 1.01691 0.979651 0.976713 
1.2 1.01441 1.00305 0.985511 0.981073 
1.21 0.9814 0.990027 0.982923 0.986678 
1.22 0.968307 0.988272 0.961818 0.980586 
1.23 0.934886 0.958946 0.970485 0.971614 
1.24 0.964252 0.964252 0.950484 0.973721 
1.25 0.941219 0.954053 0.960946 0.98248 
1.26 0.930957 0.94967 0.962535 0.975587 
1.27 1.02588 0.997797 0.986515 0.973577 
1.28 1.01167 1.00396 0.976994 0.985742 
1.29 0.977242 0.98929 1.00067 0.996073 
1.3 0.983297 0.996039 1.00219 0.983736 
1.31 0.93973 0.964824 0.974775 0.974083 
1.32 0.97492 0.997929 0.994307 0.993838 
1.33 0.975368 0.981244 0.971591 0.965464 
1.34 0.973214 0.999673 0.990371 0.979746 
1.35 0.988937 0.980383 0.978754 0.970608 
1.36 0.935065 0.946302 0.967371 0.976882 
1.37 0.965706 0.960169 0.959576 0.972428 
1.38 0.975873 0.986006 0.99419 0.994268 
1.39 0.969514 0.994866 0.987184 0.98995 
1.4 1.01094 0.98747 0.97895 0.964146 
1.41 0.96973 0.985034 0.977942 0.976598 
1.42 0.978153 0.963801 0.967849 0.982716 
1.43 0.973181 0.974995 0.988965 0.985518 
1.44 0.983996 1.00046 0.975946 0.971187 
1.45 0.975365 0.99689 0.981716 0.981222 
1.46 0.981494 0.975229 0.990718 0.986297 
1.47 0.969514 0.970887 0.974835 0.974732 
1.48 0.999086 0.992989 0.99028 0.98161 
1.49 1.01575 1.00272 0.972978 0.976654 
1.5 1.0088 0.987368 0.978138 0.98961 
1.51 0.985677 0.998363 0.984701 0.97826 
1.52 0.992611 1.00866 1.00898 1.00654 
1.53 0.981537 0.98122 0.973616 0.974186 
1.54 0.921257 0.979422 0.986771 0.991868 
1.55 0.998887 1.0134 0.99117 0.976847 
1.56 0.98669 0.992785 0.997813 0.97572 
1.57 1.01504 1.01804 1.00601 0.981462 
1.58 0.957632 0.970999 0.981098 0.987573 
1.59 0.967291 0.986942 0.986648 0.975034 
1.6 0.980687 0.999513 0.99039 0.992099 
1.61 0.984523 0.989957 0.987097 0.984408 
1.62 0.983668 0.973498 0.965023 0.976606 
1.63 0.991689 0.984435 0.985411 0.98516 
1.64 1.00606 1.0044 0.996134 0.996299 
1.65 0.980792 0.984332 0.984468 0.977851 
1.66 0.968437 0.976777 0.990631 0.989904 
1.67 0.962155 0.983418 0.989532 0.993572 
1.68 0.969085 0.975125 0.979984 0.991618 
1.69 0.984606 0.987721 0.989797 0.979468 
1.7 0.980204 0.990975 0.97469 0.976665 
1.71 0.980399 0.985468 0.981413 0.982629 
1.72 0.934929 0.97426 0.972005 0.982978 
1.73 0.980083 0.980578 0.986026 0.982757 
1.74 0.9884 0.98228 0.98742 0.980273 
1.75 0.989686 0.99864 0.991864 0.986008 
1.76 0.981311 0.991598 0.985019 0.981933 
1.77 0.960762 0.96975 0.975781 0.99099 
1.78 0.998611 0.997442 0.995454 0.990519 
1.79 0.962941 0.975197 0.97485 0.985049 
1.8 0.926171 0.932346 0.952927 0.967518 
1.81 0.9476 0.971798 0.966597 0.974919 
1.82 0.964922 0.970961 0.976777 0.975032 
1.83 0.964995 0.98557 0.986897 0.992649 
1.84 1.01403 0.996302 0.982625 0.985623 
1.85 0.999601 0.98986 0.990942 0.987176 
1.86 0.968296 0.981786 0.988317 0.980159 
1.87 0.9948 0.971498 0.973192 0.971709 
1.88 0.956552 0.966402 0.986103 0.977343 
1.89 0.968825 0.979194 0.990703 0.994332 
1.9 0.9615 0.976273 0.987764 0.976396 
1.91 0.983918 0.984324 0.990212 0.995653 
1.92 1.01064 0.989341 0.983213 0.981826 
1.93 0.984258 0.988235 0.987838 0.994041 
1.94 1.02173 0.992807 0.983065 0.986391 
1.95 0.986714 0.978144 0.997914 0.989831 
1.96 0.996695 0.984164 0.989466 0.987326 
1.97 0.984668 0.979134 0.983524 0.976616 
1.98 0.957344 0.963388 0.974345 0.984847 
1.99 0.953706 0.975398 0.992976 0.987628 
2 1.02415 0.997672 0.996284 0.981047 
