1 0
100 50.7853
200 103.058
300 136.72
400 164.864
500 183.949
600 209.487
700 218.098
800 229.015
900 258.585
1000 256.552
1100 267.881
1200 285.395
1300 294.459
1400 291.062
1500 284.279
1600 293.592
1700 280.621
1800 282.723
1900 273.448
2000 280.36
2100 278.608
2200 283.744
2300 296.047
2400 288.575
2500 275.518
2600 282.451
2700 289.919
2800 274.059
2900 280.99
3000 292.334
3100 288.535
3200 270.971
3300 275.923
3400 271.233
3500 265.583
3600 267.421
3700 280.167
3800 282.222
3900 288.455
4000 295.278
4100 299.481
4200 300.495
4300 296.556
4400 293.088
4500 289.519
4600 293.217
4700 297.434
4800 316.09
4900 314.359
5000 311.39
5100 310.43
5200 295.433
5300 306.663
5400 309.46
5500 318.769
5600 319.941
5700 330.993
5800 309.526
5900 307.637
6000 311.193
6100 318.05
6200 315.88
6300 324.712
6400 313.191
6500 302.061
6600 294.294
6700 288.073
6800 291.182
6900 294.854
7000 305.215
7100 305.729
7200 308.936
7300 307.212
7400 302.24
7500 318.077
7600 326.777
7700 324.004
7800 334.623
7900 318.421
8000 324.564
8100 305.83
8200 315.979
8300 322.812
8400 320.086
8500 326.867
8600 335.01
8700 314.638
8800 308.36
8900 301.152
9000 297.77
9100 308.064
9200 296.344
9300 310.637
9400 306.672
9500 311.312
9600 317.796
9700 318.949
9800 323.566
9900 319.294
10000 308.677
